0.026195 76
0.602624 1
0.085332 1
0.574488 1
0.708168 1
0.285157 1
0.715642 1
0.111922 1
0.272658 1
0.329886 1
0.071671 1
0.276900 1
0.457312 1
0.178225 1
0.108144 1
0.101975 1
0.115925 1
0.061987 1
0.168174 1
0.243368 1
0.153552 1
0.044600 1
0.160756 1
0.241560 1
0.954362 1
0.044632 1
0.235355 1
0.083772 1
0.315931 1
0.038379 1
0.477902 1
0.732348 1
0.109540 1
0.111606 1
0.144573 1
0.057253 1
0.226774 1
0.365331 1
0.791536 1
0.049467 1
0.045967 1
0.091930 1
0.967173 1
0.334583 1
0.067868 1
0.076712 1
0.093383 1
0.247330 1
0.348382 1
0.110191 2
0.001679 76
1.340349 1
0.053809 1
0.382513 2
0.001220 149
0.000343 76
2.340092 6
